1 0.202500 0.155556 0.080000 0.124444
0 0.267500 0.200000 0.040000 0.080000
0 0.141250 0.368889 0.097500 0.213333
1 0.267500 0.397778 0.105000 0.146667
1 0.362500 0.340000 0.090000 0.164444
2 0.452500 0.293333 0.075000 0.133333
1 0.592500 0.275556 0.065000 0.115556
1 0.477500 0.108889 0.050000 0.111111
0 0.852500 0.266667 0.075000 0.133333
1 0.153750 0.802222 0.177500 0.297778
0 0.342500 0.646667 0.125000 0.262222
0 0.452500 0.644444 0.075000 0.124444
0 0.590000 0.664444 0.155000 0.235556
0 0.813750 0.813333 0.132500 0.257778
0 0.120000 0.124444 0.065000 0.106667
0 0.640000 0.040000 0.050000 0.062222
0 0.783750 0.115556 0.052500 0.088889
